TC	122.241782040911	37.3627207174876	16.7507150695219	9.26466977034953	15.3280633413787	11.0606662287285	13.4313089917061	13.5062208912456	5.93308118955977	3.06703119355984	6.08969432536829	6.25245062876427	7.43320714496311	2.36702456808054	2.08544793334874	5.13298912294629	0.306021317400765	2.61144451328447	1.64120275065539	0.443174805360233	
TA	92.2941826876953	40.9629488597061	19.2390124110348	8.44005683952392	6.60175819071036	2.07081059628979	3.89758385407146	9.10194871520698	15.6428540492473	0.000403285804542429	6.10311311675399	3.98306291481861	0.987080446769796	1.97924699325322	3.59816619111292	1.53762390291338	3.62568131701023	3.65925325277333	0.884722568361074	4.79902692261182	
TG	47.2698170060308	14.3975312234714	5.01995282592245	6.99613500603514	3.01811742902158	0.994104846514044	2.00834020404104	1.01631580234042	2.00219270258366	1	6.03749110188803	0.850317887787357	0	3.02527914493641	1.96410655695037	3.26701304206371	1.70695968190491	0	1.81934495575104	0.00197084242786708	
CT	448.534582824396	109.35818367644	55.3885554867155	27.6938984576675	21.8670108770537	20.9145520666513	21.6329754319195	15.5667928550369	3.74754937123573	7.91030567463171	4.93296880644017	12.0669188104402	4.49377910875439	10.5686910082939	3.93933377127147	4.6719366586213	4.73533022965047	7.24928493047806	2.63666373654621	6.74931108040344	
CA	288.199661878937	78.1005249180567	26.9995296509435	22.3196929195221	10.0571920324935	10.6784704233985	9.87766124332501	5.96729272564916	5.00343066272477	7.27772356875897	2.39420534039568	6.9917424096419	1.98993901103746	6.71904432473879	4.39929793328482	1.93186736016477	4.94005615172376	0.91688005959969	1.91582206826798	5.50238913294907	
CG	127.186456062045	28.9205368206726	18.0461050175142	7.99978848337592	6.02622253104136	10.0143086183572	1.92989429711165	1.5442958035343	5.78753260882355	5.82752533730679	1.99995585454525	3.61983691076864	3.99990425787273	6.40348865779014	5.48025286919116	4.17031892134056	3.51093984926838	1.21188960591286	1.87822812343645	0.000285950783493088	
AT	112.200690801757	41.1148501586965	16.3407467472267	5.37431868298977	3.46237609708662	8.40183380888708	5.02075300674679	3.0129195532302	6.01693708518138	2.89688688324601	3.99924598376049	0.357145950752667	3.89805128479302	3.10241614592854	3.92918940371021	1.39824180928964	0.559943160476085	2.76098758896523	4.03695135513667	0.69888915822972	
AC	57.4960403108613	14.0835938626041	12.082901389458	6.05994384827624	12.0673654600006	6.60070206671518	1.28095567526121	2.01006098896253	4.0082575903581	1.60579465960432	1.72227643124103	0.996569337275225	1.03270727435084	0.122338756674989	1.32152957660148	0.942807967506532	1.68030708047793	0.000268058183909092	1.89909172545014	4.79946777915486	
AG	128.552809747774	41.738789925647	25.343497531549	15.8104732689115	15.0199570137558	4.28414608896892	9.85371239736815	8.02521901940463	5.679511223334	1.81703871245539	2.9375580334231	1.97555680523999	3.94644022241557	5.39730931930033	5.295607007785	1.33310973570034	1.26672854505013	0.109875954346527	0.0117278536211881	4.61810820607635	
GT	161.99702839898	54.180655044249	13.9997786108793	12.2930403180951	8.73298695793629	3.03589344304963	4.97472085506359	1.99996793187151	9.14968211221264	1.96250889811197	0	2.99780729741633	0.983684197659577	1.99165979595896	4.00589515348596	1.98188257097842	0.00334013398412961	1.98004717407755	1.60175915834179	0.727579678446041	
GC	97.9993058991146	32.1214884806714	12.7881103940871	13.4890601507316	5.82968107865945	7.51974713080884	0.596511342209862	2.00009574212727	8.38016308923136	0	1.17247466269321	2.21246739117645	0.455704196465696	0.0701057028883549	2.98569138164284	3.97377746895864	0	0.953825188788958	2.07946317932737	0.8067526889368	
GA	373.379782320732	115.98377688768	58.8898993389023	33.7332714549499	6.66689026429966	11.704392992215	10.6026906806997	8.05355977758443	6.02444319476001	5.0624419665769	1.18296128754461	5.320488776666	7.97478098059537	3.14628760263186	2.71585391103108	0.97961225575996	1.18922074251233	2.65577653003034	8.26066592071484	3.4405155428897	
